2d:
  corr: 0.316376172113483
  mae: 1.5354119113908382e-06
  rmse: 1.9199464986741077e-06
3d:
  corr: -0.323377152322857
  mae: 2.2608280525471258e-10
  rmse: 4.480505411130764e-10
